Figure_2(a)
ARC
[0.9996677900603839, 
0.9995303837498448, 
0.9994001666942708, 
0.9992640802417594, 
0.9991249467739894, 
0.9989780185271631, 
0.998840693321408, 
0.9986860631926006, 
0.9985434617288754, 
0.9983891112266082, 
0.9982213871820302, 
0.9980337614843411, 
0.9978291109504319, 
0.9976200161825557, 
0.997379471319228, 
0.997146557191487, 
0.9969151762723691, 
0.9966549277786829, 
0.9963751666557561, 
0.9960750283680111, 
0.9957730730075693, 
0.9954436896318926, 
0.9950594788369004, 
0.9946495640798172, 
0.9942218253011191, 
0.993791996915893, 
0.9933097792693493, 
0.9928293558660262, 
0.9923310088122956, 
0.9918015248077497, 
0.9912677309540412, 
0.9907255020686179, 
0.9901680054819665, 
0.9895536688279175, 
0.9888660366638737, 
0.9882208720623211, 
0.9874803875967649, 
0.9866486651461075, 
0.9858889924234574, 
0.9851654518997724, 
0.9843703501018809, 
0.9835998995938319, 
0.9828145819343217, 
0.981928315559409, 
0.9809752190620223, 
0.9800854004987986, 
0.979242579754347, 
0.9783837262751285, 
0.9773732444594267, 
0.9763354848048696, 
0.9753875852464186, 
0.9743544018142578, 
0.9733226295439109, 
0.9722904397267284, 
0.9712509170154411, 
0.9703213195630893, 
0.9692879908560779, 
0.9682632833318744, 
0.9672628532792524, 
0.9661819169057225, 
0.9651407885039356, 
0.9641108270663116, 
0.9630842235364467, 
0.9620913677843204, 
0.9611166138991043, 
0.9601622239022142, 
0.9591982082835331, 
0.9582005617246937, 
0.9572945862650099, 
0.9563059561412969, 
0.9553786924914508, 
0.9545735530772237, 
0.9536664645835575, 
0.9528632485788782, 
0.9522008578717499, 
0.9514889627817807, 
0.9506949428124356, 
0.949920542880214, 
0.9493001572826503, 
0.9486015811413065, 
0.9479238990184511, 
0.9472659396561959, 
0.946587518624719, 
0.9459110615165892, 
0.945297319988796, 
0.9447288355264831, 
0.9441960308875758, 
0.9437861231367909, 
0.9432085157865134, 
0.942730535354598, 
0.9422555762325427, 
0.9418265741422763, 
0.9413046879088984, 
0.9408706339094738, 
0.9405011548286804, 
0.9401977536721385, 
0.9397779827419185, 
0.9393999276302074, 
0.939019062350914, 
0.9387167817978062]

RC
[0.9994803694365687, 
0.9989625353659675, 
0.9984435864234328, 
0.9979257252754898, 
0.9974068384291505, 
0.9968877181885476, 
0.9963674025410654, 
0.9958453619659229, 
0.9953210108771203, 
0.994793772088258, 
0.9942629452233988, 
0.9937278244613359, 
0.9931876608806304, 
0.99264164628606, 
0.9920889493385672, 
0.9915286942329147, 
0.9909599629939762, 
0.9903818540299109, 
0.9897934319197871, 
0.9891937690006657, 
0.9885819133406922, 
0.9879569910415013, 
0.9873180974746636, 
0.9866643981495467, 
0.9859950712307238, 
0.9853093777731414, 
0.9846066115331064, 
0.9838861706057223, 
0.9831474942522489, 
0.9823901409536023, 
0.981613713579183, 
0.9808179639791467, 
0.9800026820158293, 
0.9791678064275364, 
0.9783133515262762, 
0.9774394363408537, 
0.9765462860040749, 
0.9756342432558076, 
0.9747037302215071, 
0.9737552779717834, 
0.9727894948596677, 
0.9718071302303997, 
0.9708089708359927, 
0.9697959050733874, 
0.9687689223900944, 
0.9677290588006907, 
0.9666774347237876, 
0.9656152231019164, 
0.9645436717667788, 
0.9634640217424044, 
0.9623776500128784, 
0.9612858736764607, 
0.9601900973325583, 
0.9590917484176631, 
0.9579922227110066, 
0.9568929634274956, 
0.9557953861759009, 
0.9547009044478514, 
0.9536109387301974, 
0.9525268610585004, 
0.951450001232772, 
0.9503816689301434, 
0.9493231304626041, 
0.9482755977021002, 
0.9472402206656724, 
0.9462180843617519, 
0.9452102244759006, 
0.9442175715706845, 
0.9432410264557209, 
0.9422813611300966, 
0.9413393175872794, 
0.9404155196771942, 
0.9395105190268536, 
0.938624788355414, 
0.9377587062153715, 
0.9369126002003157, 
0.936086665924273, 
0.935281059301771, 
0.93449585844996, 
0.9337310735069088, 
0.9329866280537075, 
0.9322623740207334, 
0.9315581228797827, 
0.9308736061555166, 
0.9302085262638591, 
0.9295625261230887, 
0.928935181399762, 
0.9283260525869064, 
0.9277346544422558, 
0.9271604354113099, 
0.9266028561149567, 
0.9260613111330442, 
0.9255351719333971, 
0.9250238028444554, 
0.924526507330809, 
0.9240425764668417, 
0.9235712987951449, 
0.9231119438833375, 
0.9226637345569426, 
0.9222258970847378]


Figure_2(b)
ARC
[0.9876578516875258, 
0.988653115734511, 
0.9896604545064048, 
0.9908497345071882, 
0.9919951431362789, 
0.9930590816750144, 
0.9941208204399254, 
0.9953025041526941, 
0.9963339515304591, 
0.9975108247850598]

RC
[0.981216078302058, 
0.9828809345981908, 
0.984525575212922, 
0.9860857985634984, 
0.9877599025441842, 
0.9894338410902908, 
0.9910894917257191, 
0.9927851668567447, 
0.9944606041540984, 
0.9961562286986122]


Figure_3(a)
ARC
[0.9903789262633914, 
0.9874230708932087, 
0.9842803480041143, 
0.9812827737549148, 
0.9785455673193301, 
0.9757249478946833, 
0.9728796217145107, 
0.9699196342655702, 
0.9668315895864794, 
0.9638640750889063, 
0.960624806121087, 
0.9575509193259383, 
0.954564142447499, 
0.9513682539211578, 
0.948402217273473, 
0.9451843410403287, 
0.9418564300580452,  
0.9385400640879612, 
0.9352920675471313, 
0.932213958661869, 
0.9287488921383859, 
0.9253669441818217, 
0.9221903848770251, 
0.9183090713793525, 
0.9150595705426082, 
0.9117616781375627, 
0.9085059262033796, 
0.9050677036503224, 
0.9020728299351524, 
0.8987392574325705, 
0.8957145818161856, 
0.8924402035681007, 
0.8892274601307494, 
0.8858886943492705, 
0.8831558045677417, 
0.8802963810257431, 
0.8776968121217162, 
0.8749909087221308, 
0.8721138614146816, 
0.86959752633162, 
0.8667139757386428, 
0.863794535174129, 
0.8609853142288136, 
0.8585248391409969, 
0.8556283016404799, 
0.8532729353302987, 
0.8511673778764735, 
0.8491115690039289, 
0.8469305589320207, 
0.8447673076666053, 
0.842848740768432, 
0.8411890167283673, 
0.8395507305965989, 
0.8377186351547606, 
0.8360261560369948, 
0.8342212872503197, 
0.8323955651879537, 
0.8309110779262535, 
0.8294705934580322, 
0.8280424828512184, 
0.8266649474574376, 
0.8252106320850058, 
0.8240982006362386, 
0.8225636490347176, 
0.8213314919658099, 
0.8200890754079804, 
0.8186014522622898, 
0.8169464441643652, 
0.8155721481464525, 
0.8140813459501072, 
0.8121275316353629, 
0.8103223145777262, 
0.8084506043604228, 
0.8063573139105088, 
0.804468997789705, 
0.8025788425715034, 
0.8003160508403494, 
0.7981868583585036, 
0.7960880803225706, 
0.793898096279772, 
0.7913361253620155, 
0.7890015902190499, 
0.786655891812733, 
0.7843431808312167, 
0.7820101575381787, 
0.7795995992788433, 
0.7764820143292982, 
0.774675538102742, 
0.772402625648923, 
0.7700920600442119, 
0.7679798475292953, 
0.7662390704241815, 
0.7641864977129927, 
0.7622045543242066, 
0.760168217245423, 
0.758151797516784, 
0.7561530924284942, 
0.7545252918859001, 
0.7528898173566173, 
0.751397531656956]

RC with hard truncation
[0.9933713828577772, 
0.986114646500803, 
0.9782418829848583, 
0.9697819777132695, 
0.9607758731018828, 
0.9512751210520616, 
0.9413486300168641, 
0.9310707325867105, 
0.9205178468944984, 
0.9097587388151123, 
0.8988434288429077, 
0.8878087325609446, 
0.876672811139617, 
0.8654384681055685, 
0.8541061470844726, 
0.8426736314164247, 
0.831160355349945, 
0.8195963266945997, 
0.8080350964033503, 
0.796543707633258, 
0.7851915999258416, 
0.7740510189722692, 
0.7631844241626213, 
0.7526394505431863, 
0.7424459477092358, 
0.7326166527134647, 
0.7231555928472604, 
0.7140613100151265, 
0.705329328215185, 
0.6969663102591634, 
0.6889835752605719, 
0.6813943255549398, 
0.6742292950801675, 
0.6675007139857062, 
0.6612243588372464, 
0.6554059063342843, 
0.6500346633172006, 
0.6450911876521475, 
0.6405332518272205, 
0.6363124278662068, 
0.632367101282663, 
0.6286371144348204, 
0.6250554976573102, 
0.6215652299946947, 
0.6181090516338023, 
0.6146442930962127, 
0.6111337444210893, 
0.6075546663649734, 
0.60389099193775, 
0.6001359305598103, 
0.5962907385972529, 
0.592358784030733, 
0.5883459854141005, 
0.5842590099098179, 
0.5800988927947933, 
0.575860743557104, 
0.5715373902897776, 
0.5671119320021512, 
0.5625741146851745, 
0.5579157560663752, 
0.5531301222669489, 
0.5482288073610934, 
0.5432225884626668, 
0.5381421154748783, 
0.5330098720175852, 
0.5278568218298529, 
0.5226949021743549, 
0.5175332911325549, 
0.5123614054936595, 
0.507159819213125, 
0.5019058091706875, 
0.4965740814221332, 
0.4911429174414594, 
0.48560660023597607, 
0.47997196172324347, 
0.4742540606765905, 
0.4684831347189079, 
0.4626942927443274, 
0.4569175766357639, 
0.4511872865747237, 
0.44552881660054483, 
0.439951068620705, 
0.4344691036863688, 
0.42908141182012755, 
0.42379591753690543, 
0.4186193257194042, 
0.41357010807323025, 
0.40866308867430623, 
0.40393160528898053, 
0.3994058433652152, 
0.3951220634670943, 
0.39111188810144987, 
0.38740091322329134, 
0.3840068144455864, 
0.38093675814392125, 
0.37819325122089414, 
0.3757672880893063, 
0.3736476863752601, 
0.3718210943592792, 
0.37027092452816396]

RC with equal weight
[0.9904011204676233, 
0.9810562980991723, 
0.9719391676301737, 
0.9630326815089704, 
0.9543191851154725, 
0.9457818609481827, 
0.9374124441238411, 
0.9291971585936203, 
0.9211272803458718, 
0.9132000515636403, 
0.9054115320693978, 
0.8977574897817057, 
0.8902380254975382, 
0.8828529902456573, 
0.8756045344248864, 
0.8684944676346349, 
0.8615242208545003, 
0.8546981863960011, 
0.8480184924247824, 
0.8414883373591041, 
0.835111280930654, 
0.8288895750848033, 
0.8228251340209585, 
0.816917442205419, 
0.8111667167898975, 
0.8055747687542734, 
0.8001392684023773, 
0.7948579746405864, 
0.7897284081350568, 
0.7847478275007184, 
0.7799123549798564, 
0.7752199490974991, 
0.7706650224695328, 
0.7662419561203592, 
0.7619492571944095, 
0.7577811296204638, 
0.7537366420050123, 
0.7498105608495901, 
0.7460014875223565, 
0.7423076104916021, 
0.7387241179921774, 
0.7352509929842324, 
0.7318869198201889, 
0.728630759276364, 
0.7254798119027878, 
0.7224355394279198, 
0.7194944390022595, 
0.7166560052066377, 
0.7139193653325812, 
0.7112768279970757, 
0.7087315441379294, 
0.7062754210145346, 
0.70390631627111, 
0.7016189163318216, 
0.6994073094078008, 
0.6972639431262663, 
0.695182554658038, 
0.693155385293241, 
0.6911727555989167, 
0.6892294336869357, 
0.6873137725575497, 
0.6854180294969465, 
0.6835337971904881, 
0.6816542471075967, 
0.6797724880111781, 
0.6778807510112715, 
0.6759737514356161, 
0.6740479926827866, 
0.672100194451257, 
0.6701296512488569, 
0.6681344219779654, 
0.6661164105690045, 
0.6640793175370818, 
0.6620249139470238, 
0.6599599998942459, 
0.6578883986652937, 
0.6558186012122953, 
0.6537561570889583, 
0.6517105067924998, 
0.6496870780749171, 
0.6476948632298302, 
0.6457412482068884, 
0.643831915070555, 
0.6419720256224684, 
0.6401678790746922, 
0.6384203277991831, 
0.6367340180505899, 
0.6351095531201366, 
0.6335480990107335, 
0.6320488438745027, 
0.6306111938281591, 
0.6292334132556305, 
0.6279121969723924, 
0.6266437691687129, 
0.6254277175259049, 
0.6242592268579997, 
0.6231355049707848, 
0.6220527395183019, 
0.6210082352345807, 
0.6200002183291278]


Figure_3(b)
ARC
[0.9179990843714159, 
0.9241347142318362, 
0.9317810317809694, 
0.9380247047066763, 
0.9462531786034004, 
0.9527697401084428, 
0.9595925445302623, 
0.9670476964457158, 
0.9748126631374626, 
0.9821498542949415]

RC with hard truncation
[0.5719185161311974, 
0.5674869511663811, 
0.5640475768240277, 
0.5634191609871462, 
0.5685253341366145, 
0.5824221706583415, 
0.6061002145847867, 
0.6410721851258335, 
0.6877645867665102, 
0.7513061645916786]

RC with equal weight
[0.8082651997037477, 
0.8205955698456114, 
0.8334984566122502, 
0.8464295307606707, 
0.861117178621881, 
0.8766865768340362, 
0.8930381193848835, 
0.9108187039250771, 
0.9294766580753069, 
0.9495691106799616]


Figure_4(a)
ARC
[0.9989476051473933, 
0.9983952281260521, 
0.9978389440763581, 
0.9972869575182209, 
0.9967497558737035, 
0.9961962450910787, 
0.9956360658491027, 
0.9951109647556773, 
0.9945394280340774, 
0.9939360743823167, 
0.9934464250163751, 
0.9928272602799872, 
0.9923645369365048, 
0.9917909231733469, 
0.9912547875757205, 
0.9906787964999506, 
0.9900976662203943, 
0.9895290264623158, 
0.9889019363079281, 
0.988306458098383, 
0.987762461892434, 
0.987150841225023, 
0.9865173343992661, 
0.9859214839170488, 
0.9852322010109336, 
0.9846027657637907, 
0.983964979488687, 
0.9833192683950249, 
0.9826544265649838, 
0.9819867677908418, 
0.9813214388396254, 
0.9806378356225417, 
0.9799539091553205, 
0.9792887987613226, 
0.9785615932162329, 
0.9779702008449895, 
0.9773382684796927, 
0.9766285603537712, 
0.9759406156299071, 
0.9753026697086405, 
0.9745053888489048, 
0.9737629793626671, 
0.9730055159647402, 
0.9722531571516853, 
0.9715197979707472, 
0.9707382849193696, 
0.970008965245228, 
0.9692704090680483, 
0.9685509029145399, 
0.9677226998632227, 
0.9669363620043547, 
0.966065462903913, 
0.96529331969791, 
0.9643986050631526, 
0.9636164316902515, 
0.9628541587283949, 
0.9620553705844929, 
0.9612127560394707, 
0.9604808232716604, 
0.9597020482147347, 
0.9588507205569425, 
0.9578469749643052, 
0.9569167437276065, 
0.956045115532757, 
0.9551351210321612, 
0.9545072434760471, 
0.9535397157432804, 
0.9527192562821448, 
0.9519386461184975, 
0.9509793908985525, 
0.9500786553303324, 
0.9491152556121663, 
0.9483075853005198, 
0.9473743576039163, 
0.9464985628774646, 
0.945622459947267, 
0.9446240125150093, 
0.9437480448293416, 
0.9428674317321205, 
0.9420631548928668, 
0.9411872595322359, 
0.940343162964624, 
0.9394303817605805, 
0.9384929556877027, 
0.9375660267965547, 
0.9367559701929199, 
0.9357581805524363, 
0.9347875735228237, 
0.9336719464324805, 
0.9326984062912949, 
0.9317318215733751, 
0.9308677374421217, 
0.9299341113741862, 
0.9289532512383724, 
0.9280832253802608, 
0.9271818975158869, 
0.9261349255055439, 
0.9250672088558429, 
0.9240892367230025, 
0.9231584130597108]

RC with hard truncation
[0.9987790563766495, 
0.9975570653184148, 
0.996330591540087, 
0.9950984397130828, 
0.9938582567823459, 
0.992606554949861, 
0.9913401242508767, 
0.9900556662720106, 
0.9887498365459011, 
0.9874225906761116, 
0.9860679729826286, 
0.9846859670679157, 
0.9832734378564677, 
0.9818296247575321, 
0.9803510306697583, 
0.9788356599179202, 
0.9772841296418465, 
0.9756948768498488, 
0.9740619783416672, 
0.9723898298079898, 
0.9706742299822527, 
0.9689161374206839, 
0.9671123686419837, 
0.9652657716003977, 
0.9633724637409955, 
0.9614354878414636, 
0.9594508949631274, 
0.9574200267262487, 
0.9553456378611316, 
0.9532242940276313, 
0.9510576875618845, 
0.9488439461833681, 
0.9465858006903598, 
0.944282712557508, 
0.941936302631504, 
0.93954562423438, 
0.9371129107303712, 
0.9346363274309284, 
0.9321191527558778, 
0.9295593457955343, 
0.9269597911161154, 
0.9243213996977867, 
0.9216462114846069, 
0.9189335049255418, 
0.9161832268853574, 
0.9133987726701528, 
0.9105811949746773, 
0.9077283681582109, 
0.9048434380812032, 
0.9019286762586457, 
0.8989820677104715, 
0.8960083829040063, 
0.8930059733241794, 
0.8899775001564582, 
0.8869231679045714, 
0.8838432157059093, 
0.8807398675280309, 
0.8776144370517905, 
0.8744674684119881, 
0.8713008707368477, 
0.8681155774980289, 
0.864911639138476, 
0.8616902208318213, 
0.8584519318673318, 
0.8551991427675341, 
0.8519315979255745, 
0.8486513212184578, 
0.8453580395903889, 
0.8420527082088346, 
0.8387395146350048, 
0.8354145230806012, 
0.8320822445749193, 
0.8287429781151302, 
0.8253954638067901, 
0.8220421591791504, 
0.8186834783571403, 
0.8153204143930434, 
0.8119554604235968, 
0.8085870487756875, 
0.8052163886496632, 
0.8018437238720041, 
0.7984710018951952, 
0.7950984596332915, 
0.7917277520891395, 
0.7883580648805895, 
0.784989347803816, 
0.7816263288866986, 
0.7782649641765575, 
0.7749077423727018, 
0.7715548435807101, 
0.7682084699691601, 
0.7648672293111691, 
0.7615331596086815, 
0.7582052685285305, 
0.7548866700208194, 
0.7515751987377781, 
0.748273564684522, 
0.7449803402744766, 
0.7416992552767797, 
0.7384283442100932]

RC with equal weight
[0.9989767663423613, 
0.9979538187700959, 
0.9969316223887427, 
0.9959121168658158, 
0.9948920600448085, 
0.9938760688368792, 
0.992859042398068, 
0.9918435780851698, 
0.9908287758402775, 
0.9898145625554045, 
0.9888013196104595, 
0.9877845942783218, 
0.9867703855783854, 
0.9857544269468662, 
0.9847401907000887, 
0.9837207602619795, 
0.982701266724583, 
0.9816809059183859, 
0.9806589126180918, 
0.9796344668653275, 
0.9786095587264017, 
0.9775800707165421, 
0.9765485757425499, 
0.9755161862710596, 
0.9744819464764711, 
0.9734433244321515, 
0.9724023329535757, 
0.9713570870015028, 
0.9703110354288099, 
0.9692607093043949, 
0.9682075520833746, 
0.9671517398426864, 
0.9660917542756573, 
0.965029122871125, 
0.9639627251871254, 
0.9628938949907564, 
0.9618200475609334, 
0.9607443075832907, 
0.9596631609841919, 
0.9585804577913976, 
0.9574933763868388, 
0.9564020923673365, 
0.9553077774581145, 
0.9542114305583673, 
0.9531117836984102, 
0.9520067663416268, 
0.9508986959766905, 
0.9497864490979449, 
0.9486710185974424, 
0.9475544889872576, 
0.9464325421363798, 
0.945307407422379, 
0.9441787962728465, 
0.9430463181436207, 
0.9419112260349389, 
0.9407731711752017, 
0.9396319830534684, 
0.9384862540793922, 
0.9373384696612514, 
0.9361880374060592, 
0.9350323433703586, 
0.9338752524744115, 
0.9327149942644589, 
0.9315511452264805, 
0.9303846635833097, 
0.9292160953576172, 
0.928044571026455, 
0.926871361182848, 
0.9256942925254953, 
0.924514790553858, 
0.9233335659428347, 
0.9221492398684445, 
0.9209631074612611, 
0.9197742321034867, 
0.9185837848763254, 
0.9173914468739257, 
0.9161973015467435, 
0.9150013794705835, 
0.9138032225543413, 
0.912604219781676, 
0.9114046839616464, 
0.9102039118811377, 
0.9090011312456122, 
0.9077992975447446, 
0.9065941774599389, 
0.9053904521068361, 
0.9041854320082399, 
0.9029804703124101, 
0.9017749200671855, 
0.9005696772805745, 
0.8993633884061998, 
0.8981582934086014, 
0.8969547405725306, 
0.8957511818979554, 
0.8945487751138553, 
0.8933470706925024, 
0.8921467273790167, 
0.8909474862689739, 
0.8897494275108739, 
0.8885526162341657]


Figure_4(b)
ARC
[0.983757225202715, 
0.9850685488335156, 
0.9865071786855547, 
0.9879072015418636, 
0.9893518542265467, 
0.9907719929879415, 
0.9922496908558258, 
0.9938254785049219, 
0.9952112087390799, 
0.9967020587145455]

RC with hard truncation
[0.9415150928123817, 
0.9459244744050377, 
0.9504210693697255, 
0.954813795249335, 
0.9596754560667763, 
0.9646872468496388, 
0.9698043752707197, 
0.975206395517073, 
0.9807016527776653, 
0.9864304258476955]

RC with equal weight
[0.9727738876355602, 
0.9751632236633093, 
0.9775295884857715, 
0.9797769302942243, 
0.9821938499298051, 
0.9846141113924987, 
0.9870140988365274, 
0.9894787248986271, 
0.9919155338969743, 
0.9943873126219209]


Figure_5(a)
p_1
[0.7176774994016504,
 0.6723160516522034,
 0.6723160516534067,
 0.6723160516545926,
 0.672316051655755,
 0.6723160516568729,
 0.6723160516579924,
 0.6723160516590928,
 0.6723160516601737,
 0.6548348194912509,
 0.654834819491003,
 0.6548348194906694,
 0.6424034980921538,
 0.6424034980922455,
 0.6424034980923568,
 0.6328789632191127,
 0.6328789632191566,
 0.6328789632192018,
 0.6254244682962175,
 0.6254244682962626,
 0.6254244682963102,
 0.6196093007842978,
 0.6196093007844032,
 0.6196093007845036,
 0.6196093007846037,
 0.6196693509385457,
 0.6201802504453803,
 0.6201293495859387,
 0.6159104723885188,
 0.6127466726188301,
 0.6138058624415164,
 0.6137088949092888,
 0.6136105636856091,
 0.6150927899105676,
 0.6170466291675653,
 0.6168244507210404,
 0.6149902637820168,
 0.6147657406484577,
 0.614536839219857,
 0.614304504735973,
 0.6140696868420246,
 0.616184213086024,
 0.6158554295135747,
 0.6155240568909154,
 0.6178147521489178,
 0.6173768595823717,
 0.6169374073348752,
 0.6162467833364026,
 0.6158126954681231,
 0.615380499136318,
 0.6149518656130893,
 0.6145284282693699,
 0.6141117790270354,
 0.6137034651232788,
 0.6133049861461457,
 0.6129177912993815,
 0.6128759275365676,
 0.6125055794409343,
 0.6121490954121461,
 0.6118077449457845,
 0.6114827385039507,
 0.6118477277320188,
 0.6115435323532221,
 0.611257702941139,
 0.6119740400756774,
 0.6130672949293199,
 0.612806573615511,
 0.6125656685576341,
 0.6134833646161361,
 0.6147851366622118,
 0.6161263880262904,
 0.6156358257023595,
 0.6151726109740192,
 0.616569965011499,
 0.6159866104412807,
 0.615435792566202,
 0.6168961017276395,
 0.6183529949857957,
 0.6176905226827538,
 0.6170649049061163,
 0.6186214824374727,
 0.620093050562134,
 0.61936389842794,
 0.6186749511953972,
 0.6201246445204825,
 0.619337241320961,
 0.6206772285241402,
 0.6199382782926147,
 0.6192440546782588,
 0.6207696047375579,
 0.620125967515926,
 0.6218892657382722,
 0.6239464430344455,
 0.6233581261676893,
 0.6256245096791945,
 0.6250875957230312,
 0.6245991698509048,
 0.6241603915616833,
 0.6237723345968738,
 0.6241230181793916]

p_2
[2.064919541552375e-05,
 0.06337190359053023,
 0.06337190358901579,
 0.06337190358753007,
 0.06337190358607427,
 0.06337190358464478,
 0.06337190358324431,
 0.06337190358186999,
 0.06337190358052333,
 0.08818499959121309,
 0.08818499959129879,
 0.08818499959136472,
 0.10627750562850584,
 0.10627750562849715,
 0.1062775056284934,
 0.12063121610378348,
 0.12063121610378745,
 0.12063121610379163,
 0.13240251150113158,
 0.13240251150114107,
 0.1324025115011512,
 0.142177762404109,
 0.14217776240406974,
 0.14217776240403204,
 0.14217776240399801,
 0.14219154172671855,
 0.14230877455166088,
 0.1422970946586636,
 0.1501262930399931,
 0.15676492538861742,
 0.15703590819602561,
 0.1570111000515933,
 0.15698594302074817,
 0.1573651553347408,
 0.15786502498574298,
 0.1578081829184599,
 0.1626470389301172,
 0.16258765909112555,
 0.16252712132042996,
 0.16246567560645603,
 0.16240357310274575,
 0.16296280379723646,
 0.1628758501043782,
 0.1627882116830367,
 0.16339403395818564,
 0.16327822410961956,
 0.1631620017708025,
 0.1664433766255153,
 0.16632613292954831,
 0.1662094001226008,
 0.16609362960203508,
 0.1659792625284064,
 0.16586672886720819,
 0.16575644651495589,
 0.16564882049850643,
 0.16554424223631747,
 0.16805185259253433,
 0.167950302375306,
 0.1678525537140096,
 0.16775895470697078,
 0.16766983726541224,
 0.1696925634652441,
 0.16960819656923035,
 0.16952892337191058,
 0.17117099308984077,
 0.1724615380044322,
 0.1723881946714217,
 0.1723204258357034,
 0.1725785822812039,
 0.17294478287786522,
 0.1737438028842415,
 0.17360546736524665,
 0.1734748436987667,
 0.17386888883166043,
 0.17370438647722497,
 0.17354905926811137,
 0.17400590691100337,
 0.1744168481245317,
 0.1742299866845398,
 0.17405352068273072,
 0.17424800868235704,
 0.17466250740684383,
 0.17445712607182684,
 0.1742630693092762,
 0.17467140653728827,
 0.17444961753795132,
 0.17450946451172078,
 0.17430170143732718,
 0.1741065136881637,
 0.1739680701931156,
 0.17378769356949098,
 0.17341548306229018,
 0.17277860793146183,
 0.17261569560077142,
 0.17176285262133031,
 0.17161544491703526,
 0.17148134943357402,
 0.17136088450699452,
 0.17125434492898203,
 0.17135062378565846]

p_3
[0.2823018514029341,
 0.26431204475726633,
 0.2643120447575776,
 0.26431204475787734,
 0.26431204475817066,
 0.26431204475848225,
 0.26431204475876335,
 0.26431204475903725,
 0.2643120447593031,
 0.256980180917536,
 0.25698018091769825,
 0.256980180917966,
 0.2513189962793404,
 0.25131899627925736,
 0.25131899627914994,
 0.24648982067710382,
 0.2464898206770559,
 0.24648982067700664,
 0.24217302020265094,
 0.24217302020259632,
 0.24217302020253864,
 0.23821293681159317,
 0.23821293681152714,
 0.23821293681146438,
 0.23821293681139827,
 0.23813910733473584,
 0.2375109750029588,
 0.23757355575539782,
 0.23396323457148813,
 0.23048840199255244,
 0.22915822936245786,
 0.22928000503911786,
 0.2294034932936428,
 0.2275420547546915,
 0.22508834584669168,
 0.22536736636049964,
 0.22236269728786603,
 0.2226466002604168,
 0.22293603945971308,
 0.22322981965757108,
 0.2235267400552297,
 0.22085298311673965,
 0.22126872038204712,
 0.22168773142604783,
 0.2187912138928966,
 0.21934491630800876,
 0.2199005908943224,
 0.2173098400380821,
 0.21786117160232854,
 0.21841010074108125,
 0.21895450478487571,
 0.21949230920222365,
 0.22002149210575625,
 0.22054008836176542,
 0.2210461933553479,
 0.22153796646430104,
 0.21907221987089795,
 0.2195441181837596,
 0.2199983508738443,
 0.22043330034724465,
 0.22084742423063686,
 0.21845970880273705,
 0.21884827107754748,
 0.21921337368695043,
 0.21685496683448188,
 0.21447116706624783,
 0.21480523171306737,
 0.2151139056066625,
 0.21393805310265993,
 0.21227008045992302,
 0.21012980908946816,
 0.21075870693239387,
 0.21135254532721423,
 0.20956114615684057,
 0.21030900308149447,
 0.21101514816568667,
 0.20909799136135712,
 0.20723015688967258,
 0.2080794906327064,
 0.20888157441115304,
 0.2071305088801703,
 0.20524444203102202,
 0.20617897550023312,
 0.2070619794953266,
 0.20520394894222907,
 0.20621314114108755,
 0.204813306964139,
 0.205760020270058,
 0.2066494316335774,
 0.20526232506932646,
 0.20608633891458306,
 0.20469525119943752,
 0.20327494903409282,
 0.2040261782315393,
 0.20261263769947513,
 0.20329695935993358,
 0.20391948071552116,
 0.20447872393132221,
 0.20497332047414424,
 0.20452635803494992]


Figure_5(b)
p_1
[0.3885837571749016,
 0.3885837571749016,
 0.3706197197819696,
 0.36474388216336867,
 0.3647438821633803,
 0.364743882163394,
 0.361882412112821,
 0.36111122960565734,
 0.36111122960566566,
 0.36205016690090536,
 0.36446084862486516,
 0.3681601287560044,
 0.3681601287560868,
 0.3729627331424491,
 0.3729627331418342,
 0.37296273314139405,
 0.3729627331409754,
 0.37857666510238036,
 0.3850058351566772,
 0.384926934536524,
 0.38653160994545416,
 0.3860787654699747,
 0.3856336828451275,
 0.3919853592192543,
 0.3989058159075302,
 0.40623736150406736,
 0.41382728379192996,
 0.4215463936163042,
 0.42930720885253015,
 0.43707259715144714,
 0.4448488208689084,
 0.4526659209654464,
 0.45227679678801336,
 0.46007807525758704,
 0.4597032017147022,
 0.4593380083696685,
 0.4589839034421921,
 0.4586424166781908,
 0.4583152148624111,
 0.45800410918867507,
 0.4651146860440912,
 0.47236534933903623,
 0.4720799795505021,
 0.47181353910905555,
 0.4726459363944833,
 0.47958414753664613,
 0.4803327451463188,
 0.4802586087998782,
 0.4808428954357147,
 0.48067106353378275,
 0.48650834457992764,
 0.48629092526006945,
 0.48602747644269206,
 0.49186982258604084,
 0.4979687652443288,
 0.4976685906315662,
 0.503836937662693,
 0.5035008160249845,
 0.5031275718467967,
 0.5091751784164062,
 0.5087725738369148,
 0.5083391171439174,
 0.5078779315159854,
 0.5073923927565012,
 0.5068860923266965,
 0.506362797672989,
 0.511481566670859,
 0.5109507853612707,
 0.5160811371072287,
 0.5214197826550977,
 0.5227545379626607,
 0.5222747725109802,
 0.5276240599561413,
 0.5271279181426215,
 0.5324707475603553,
 0.5379882192228411,
 0.5436588373391676,
 0.5494630889773383,
 0.5553835060128864,
 0.5548985883723349,
 0.5543974627350613,
 0.5538820116022953,
 0.559397466149187,
 0.5650333695268833,
 0.5707751702808417,
 0.5701566515989572,
 0.5655097855870399,
 0.5643826895830671,
 0.5632423077815976,
 0.567857993956241,
 0.572718498579168,
 0.5777668160768235,
 0.5754547183066979,
 0.5739488976724431,
 0.5724320347777243,
 0.5709121328348932,
 0.5751113381626477,
 0.5736108693061269,
 0.5721224065300182,
 0.576190983181667]

p_2
[1.1180428456922195e-05,
 1.1180428456922195e-05,
 0.047340367697281345,
 0.0658590183862722,
 0.06585901838627178,
 0.0658590183862719,
 0.07884991975968755,
 0.08860246273712906,
 0.0886024627371311,
 0.09589424166019403,
 0.1011887128427032,
 0.10475602060898705,
 0.10475602060901013,
 0.10681223884476024,
 0.10681223884491355,
 0.10681223884504594,
 0.10681223884512883,
 0.10757929567667929,
 0.10732436880690237,
 0.1073023744408872,
 0.10774969435055404,
 0.10762345925731473,
 0.10749938786042497,
 0.10656881221329298,
 0.10511242077585284,
 0.1033687179081141,
 0.1015699942345859,
 0.09990159733039876,
 0.09846499423494837,
 0.09726361468465408,
 0.09622176102328471,
 0.09522755571981147,
 0.0951456954731355,
 0.09411127151904361,
 0.09403458926079866,
 0.0939598871354427,
 0.09388745320136033,
 0.09381760037573046,
 0.09375066960771,
 0.09368703138605453,
 0.09266914129073622,
 0.09153291877836865,
 0.09147762105233452,
 0.09142599137348462,
 0.09158728972706043,
 0.09041983823787722,
 0.0905609773374899,
 0.09054699981866002,
 0.09065716005512374,
 0.0906247632111985,
 0.08960655041740362,
 0.08956650548197001,
 0.08951798269710981,
 0.08849957183411249,
 0.08743699168864945,
 0.08738428484483188,
 0.0863115891033121,
 0.08625400858367567,
 0.08619006865443506,
 0.08514132343047708,
 0.08507400222518256,
 0.08500152210820905,
 0.08492440531938329,
 0.08484321634098918,
 0.0847585557163667,
 0.08467105341607928,
 0.08379334950581901,
 0.08370639438038802,
 0.08282496900233292,
 0.08189800282909673,
 0.08210764925526644,
 0.08203229378780248,
 0.08111589306060296,
 0.08103961719294303,
 0.08012330852303795,
 0.0791737151690659,
 0.07819434717616022,
 0.07718756251162552,
 0.07615446025188272,
 0.0760879681058557,
 0.07601925351132457,
 0.07594857459778638,
 0.07498177687043545,
 0.07398221139994741,
 0.07295058389010536,
 0.0728715312239423,
 0.07227761683088686,
 0.07213356306703869,
 0.0719878112498496,
 0.07135433431501705,
 0.07059356798130617,
 0.06976353110099583,
 0.06948435254632956,
 0.06930252943115943,
 0.06911937299366028,
 0.0689358496006322,
 0.06824668149766437,
 0.06806862550510595,
 0.06789199423692967,
 0.06724585443446446]

p_3
[0.6114050623966415,
 0.6114050623966415,
 0.582039912520749,
 0.5693970994503591,
 0.5693970994503479,
 0.5693970994503341,
 0.5592676681274914,
 0.5502863076572136,
 0.5502863076572032,
 0.5420555914389006,
 0.5343504385324316,
 0.5270838506350084,
 0.5270838506349032,
 0.5202250280127907,
 0.5202250280132523,
 0.52022502801356,
 0.5202250280138957,
 0.5138440392209404,
 0.5076697960364205,
 0.5077706910225888,
 0.5057186957039919,
 0.5062977752727106,
 0.5068669292944475,
 0.5014458285674527,
 0.4959817633166169,
 0.49039392058781867,
 0.4846027219734842,
 0.4785520090532971,
 0.4722277969125214,
 0.4656637881638988,
 0.4589294181078068,
 0.4521065233147421,
 0.4525775077388512,
 0.4458106532233694,
 0.4462622090244992,
 0.4467021044948888,
 0.4471286433564475,
 0.44753998294607883,
 0.44793411552987894,
 0.44830885942527054,
 0.44221617266517266,
 0.4361017318825951,
 0.43644239939716334,
 0.4367604695174597,
 0.43576677387845625,
 0.4299960142254767,
 0.4291062775161912,
 0.42919439138146165,
 0.4284999445091615,
 0.42870417325501875,
 0.4238851050026686,
 0.42414256925796057,
 0.4244545408601982,
 0.41963060557984677,
 0.41459424306702164,
 0.41494712452360183,
 0.4098514732339949,
 0.4102451753913398,
 0.41068235949876825,
 0.4056834981531167,
 0.40615342393790266,
 0.4066593607478734,
 0.4071976631646314,
 0.4077643909025096,
 0.40835535195693673,
 0.4089661489109318,
 0.4047250838233219,
 0.4053428202583413,
 0.4010938938904385,
 0.39668221451580565,
 0.39513781278207294,
 0.3956929337012173,
 0.39126004698325584,
 0.3918324646644355,
 0.38740594391660677,
 0.38283806560809297,
 0.3781468154846721,
 0.37334934851103624,
 0.3684620337352309,
 0.3690134435218095,
 0.3695832837536142,
 0.3701694137999183,
 0.3656207569803776,
 0.36098441907316914,
 0.356274245829053,
 0.35697181717710047,
 0.3622125975820731,
 0.3634837473498942,
 0.3647698809685528,
 0.36078767172874193,
 0.35668793343952576,
 0.35246965282218073,
 0.3550609291469725,
 0.35674857289639744,
 0.35844859222861547,
 0.3601520175644747,
 0.35664198033968797,
 0.35832050518876724,
 0.3599855992330521,
 0.3565631623838686]